<?xml version="1.0" encoding="utf-8"?>
<COLLADA xmlns="http://www.collada.org/2005/11/COLLADASchema" version="1.4.1">
  <asset>
    <contributor>
      <author>Blender User</author>
      <authoring_tool>Blender 2.78.0 commit date:2016-10-24, commit time:12:20, hash:e8299c8</authoring_tool>
    </contributor>
    <created>2017-03-24T02:12:16</created>
    <modified>2017-03-24T02:12:16</modified>
    <unit name="meter" meter="1"/>
    <up_axis>Z_UP</up_axis>
  </asset>
  <library_cameras>
    <camera id="Camera-camera" name="Camera">
      <optics>
        <technique_common>
          <perspective>
            <xfov sid="xfov">49.13434</xfov>
            <aspect_ratio>1.777778</aspect_ratio>
            <znear sid="znear">0.1</znear>
            <zfar sid="zfar">100</zfar>
          </perspective>
        </technique_common>
      </optics>
      <extra>
        <technique profile="blender">
          <YF_dofdist>0</YF_dofdist>
          <shiftx>0</shiftx>
          <shifty>0</shifty>
        </technique>
      </extra>
    </camera>
  </library_cameras>
  <library_lights>
    <light id="Lamp-light" name="Lamp">
      <technique_common>
        <point>
          <color sid="color">1 1 1</color>
          <constant_attenuation>1</constant_attenuation>
          <linear_attenuation>0</linear_attenuation>
          <quadratic_attenuation>0.00111109</quadratic_attenuation>
        </point>
      </technique_common>
      <extra>
        <technique profile="blender">
          <adapt_thresh>0.000999987</adapt_thresh>
          <area_shape>1</area_shape>
          <area_size>0.1</area_size>
          <area_sizey>0.1</area_sizey>
          <area_sizez>1</area_sizez>
          <atm_distance_factor>1</atm_distance_factor>
          <atm_extinction_factor>1</atm_extinction_factor>
          <atm_turbidity>2</atm_turbidity>
          <att1>0</att1>
          <att2>1</att2>
          <backscattered_light>1</backscattered_light>
          <bias>1</bias>
          <blue>1</blue>
          <buffers>1</buffers>
          <bufflag>0</bufflag>
          <bufsize>2880</bufsize>
          <buftype>2</buftype>
          <clipend>30.002</clipend>
          <clipsta>1.000799</clipsta>
          <compressthresh>0.04999995</compressthresh>
          <dist sid="blender_dist">29.99998</dist>
          <energy sid="blender_energy">1</energy>
          <falloff_type>2</falloff_type>
          <filtertype>0</filtertype>
          <flag>0</flag>
          <gamma sid="blender_gamma">1</gamma>
          <green>1</green>
          <halo_intensity sid="blnder_halo_intensity">1</halo_intensity>
          <horizon_brightness>1</horizon_brightness>
          <mode>8192</mode>
          <ray_samp>1</ray_samp>
          <ray_samp_method>1</ray_samp_method>
          <ray_samp_type>0</ray_samp_type>
          <ray_sampy>1</ray_sampy>
          <ray_sampz>1</ray_sampz>
          <red>1</red>
          <samp>3</samp>
          <shadhalostep>0</shadhalostep>
          <shadow_b sid="blender_shadow_b">0</shadow_b>
          <shadow_g sid="blender_shadow_g">0</shadow_g>
          <shadow_r sid="blender_shadow_r">0</shadow_r>
          <sky_colorspace>0</sky_colorspace>
          <sky_exposure>1</sky_exposure>
          <skyblendfac>1</skyblendfac>
          <skyblendtype>1</skyblendtype>
          <soft>3</soft>
          <spotblend>0.15</spotblend>
          <spotsize>75</spotsize>
          <spread>1</spread>
          <sun_brightness>1</sun_brightness>
          <sun_effect_type>0</sun_effect_type>
          <sun_intensity>1</sun_intensity>
          <sun_size>1</sun_size>
          <type>0</type>
        </technique>
      </extra>
    </light>
  </library_lights>
  <library_images/>
  <library_controllers/>
  <library_visual_scenes>
    <visual_scene id="Scene" name="Scene">
      <node id="Camera" name="Camera" type="NODE">
        <matrix sid="transform">0.6859207 -0.3240135 0.6515582 7.481132 0.7276763 0.3054208 -0.6141704 -6.50764 0 0.8953956 0.4452714 5.343665 0 0 0 1</matrix>
        <instance_camera url="#Camera-camera"/>
      </node>
      <node id="Lamp" name="Lamp" type="NODE">
        <matrix sid="transform">-0.2908646 -0.7711008 0.5663932 4.076245 0.9551712 -0.1998834 0.2183912 1.005454 -0.05518906 0.6045247 0.7946723 5.903862 0 0 0 1</matrix>
        <instance_light url="#Lamp-light"/>
      </node>
      <node id="Skeleton" name="Skeleton" type="NODE">
        <matrix sid="transform">1 0 0 -2.98023e-8 0 1 0 -5.33576e-7 0 0 1 3.971291 0 0 0 1</matrix>
        <node id="Wurzel" name="Wurzel" sid="Wurzel" type="JOINT">
          <matrix sid="transform">1 0 0 0 0 0.7697402 -0.6383573 -1.205814 0 0.6383573 0.7697402 5.132699 0 0 0 1</matrix>
          <node id="Rücken1" name="Rücken1" sid="Rücken1" type="JOINT">
            <matrix sid="transform">0.9999994 7.41067e-4 -7.41067e-4 0 -0.001043494 0.6383569 -0.7697396 1.566521 -9.73633e-5 0.7697398 0.6383576 -4.76837e-7 0 0 0 1</matrix>
            <node id="Rücken2" name="Rücken2" sid="Rücken2" type="JOINT">
              <matrix sid="transform">0.9999993 -7.41067e-4 7.41067e-4 0 7.41067e-4 0.9999998 4.44559e-8 1.02318 -7.41067e-4 5.04725e-7 0.9999996 -2.27374e-13 0 0 0 1</matrix>
              <node id="Rücken3" name="Rücken3" sid="Rücken3" type="JOINT">
                <matrix sid="transform">1 -3.93408e-11 0 5.82077e-11 3.63798e-11 1 -8.45546e-13 1.002239 0 8.2423e-13 1 -1.13687e-13 0 0 0 1</matrix>
                <node id="Rücken4" name="Rücken4" sid="Rücken4" type="JOINT">
                  <matrix sid="transform">0.999902 -0.009900104 0.009899618 0 0.009899619 0.999951 9.80121e-5 0.9823914 -0.009900103 -1.23634e-12 0.999951 5.68434e-14 0 0 0 1</matrix>
                  <node id="Rücken5" name="Rücken5" sid="Rücken5" type="JOINT">
                    <matrix sid="transform">0.999902 0.009899531 -0.009900014 7.45058e-9 -0.009900017 0.9999511 -8.76334e-10 1.002289 0.009899529 9.80112e-5 0.999951 -5.82077e-11 0 0 0 1</matrix>
                    <node id="Schlüsselbein_l" name="Schlüsselbein.l" sid="Schlüsselbein_l" type="JOINT">
                      <matrix sid="transform">1.13216e-6 -0.9999995 0.001053459 9.31323e-10 0.001052961 0.001053459 0.9999989 1.012159 -0.9999995 -8.93847e-8 0.001052962 5.68434e-14 0 0 0 1</matrix>
                      <node id="Schulter_l" name="Schulter.l" sid="Schulter_l" type="JOINT">
                        <matrix sid="transform">0.1512886 -0.04828371 0.9873097 0 -0.9760894 0.1504127 0.1569251 3.01664 -0.1560809 -0.9874436 -0.02437345 0 0 0 0 1</matrix>
                        <node id="Arm_l" name="Arm.l" sid="Arm_l" type="JOINT">
                          <matrix sid="transform">0.9999369 -0.003303036 -0.01075875 -4.76837e-7 0.002779752 0.9988275 -0.04833356 2.471928 0.01090578 0.04830052 0.9987734 0 0 0 0 1</matrix>
                          <extra>
                            <technique profile="blender">
                              <connect>1</connect>
                              <layer>0</layer>
                              <roll>-2.38419e-7</roll>
                              <tip_x>-0.5830057</tip_x>
                              <tip_y>4.76837e-7</tip_y>
                              <tip_z>-3.549475</tip_z>
                            </technique>
                          </extra>
                        </node>
                        <extra>
                          <technique profile="blender">
                            <connect>1</connect>
                            <layer>0</layer>
                          </technique>
                        </extra>
                      </node>
                      <extra>
                        <technique profile="blender">
                          <connect>1</connect>
                          <layer>0</layer>
                          <roll>2.38419e-7</roll>
                        </technique>
                      </extra>
                    </node>
                    <node id="Schlüsselbein_r" name="Schlüsselbein.r" sid="Schlüsselbein_r" type="JOINT">
                      <matrix sid="transform">2.75276e-5 0.9999862 0.005256094 9.31323e-10 0.005256034 -0.005256166 0.9999723 1.012159 0.9999861 8.94027e-8 -0.005256106 5.68434e-14 0 0 0 1</matrix>
                      <node id="Schulter_r" name="Schulter.r" sid="Schulter_r" type="JOINT">
                        <matrix sid="transform">0.1880585 -0.005158082 -0.9821444 -3.72529e-9 0.9640262 0.1922292 0.1835797 3.020649 0.1878499 -0.9813367 0.04112277 0 0 0 0 1</matrix>
                        <node id="Arm_r" name="Arm.r" sid="Arm_r" type="JOINT">
                          <matrix sid="transform">0.9977737 -0.04266202 -0.05126188 0 0.04468106 0.998243 0.03891556 2.482537 0.0495116 -0.04111937 0.9979267 0 0 0 0 1</matrix>
                          <extra>
                            <technique profile="blender">
                              <connect>1</connect>
                              <layer>0</layer>
                              <tip_x>0.497268</tip_x>
                              <tip_y>-0.1167831</tip_y>
                              <tip_z>-3.566623</tip_z>
                            </technique>
                          </extra>
                        </node>
                        <extra>
                          <technique profile="blender">
                            <connect>1</connect>
                            <layer>0</layer>
                          </technique>
                        </extra>
                      </node>
                      <extra>
                        <technique profile="blender">
                          <connect>1</connect>
                          <layer>0</layer>
                        </technique>
                      </extra>
                    </node>
                    <node id="Hals1" name="Hals1" sid="Hals1" type="JOINT">
                      <matrix sid="transform">0.9994271 0.02393568 -0.02392662 9.31323e-10 -0.02392638 0.9997135 6.75463e-4 1.012159 0.02393593 -1.02599e-4 0.9997135 5.68434e-14 0 0 0 1</matrix>
                      <node id="Hals_2" name="Hals.2" sid="Hals_2" type="JOINT">
                        <matrix sid="transform">0.9994272 -0.02392628 0.02393583 0 0.02393559 0.9997133 -1.02601e-4 0.6945429 -0.02392652 6.7546e-4 0.9997134 4.65661e-10 0 0 0 1</matrix>
                        <node id="Kopf" name="Kopf" sid="Kopf" type="JOINT">
                          <matrix sid="transform">0.9998314 -0.01298591 0.01298482 0 0.01298481 0.9999157 1.68634e-4 0.7028913 -0.01298591 1.21531e-10 0.9999157 0 0 0 0 1</matrix>
                          <node id="Kiefer" name="Kiefer" sid="Kiefer" type="JOINT">
                            <matrix sid="transform">0.9997813 0.01259562 0.01670165 0 -0.01242755 -0.2846048 0.9585643 0.6367893 0.01682709 -0.9585621 -0.284386 0 0 0 0 1</matrix>
                            <extra>
                              <technique profile="blender">
                                <connect>1</connect>
                                <layer>0</layer>
                                <tip_x>0.004134595</tip_x>
                                <tip_y>1.031498</tip_y>
                                <tip_z>-0.3062058</tip_z>
                              </technique>
                            </extra>
                          </node>
                          <extra>
                            <technique profile="blender">
                              <connect>1</connect>
                              <layer>0</layer>
                            </technique>
                          </extra>
                        </node>
                        <extra>
                          <technique profile="blender">
                            <connect>1</connect>
                            <layer>0</layer>
                          </technique>
                        </extra>
                      </node>
                      <extra>
                        <technique profile="blender">
                          <connect>1</connect>
                          <layer>0</layer>
                          <roll>-2.38419e-7</roll>
                        </technique>
                      </extra>
                    </node>
                    <extra>
                      <technique profile="blender">
                        <connect>1</connect>
                        <layer>0</layer>
                      </technique>
                    </extra>
                  </node>
                  <extra>
                    <technique profile="blender">
                      <connect>1</connect>
                      <layer>0</layer>
                    </technique>
                  </extra>
                </node>
                <extra>
                  <technique profile="blender">
                    <connect>1</connect>
                    <layer>0</layer>
                  </technique>
                </extra>
              </node>
              <extra>
                <technique profile="blender">
                  <connect>1</connect>
                  <layer>0</layer>
                </technique>
              </extra>
            </node>
            <extra>
              <technique profile="blender">
                <connect>1</connect>
                <layer>0</layer>
              </technique>
            </extra>
          </node>
          <node id="Schenkel_r" name="Schenkel.r" sid="Schenkel_r" type="JOINT">
            <matrix sid="transform">0.1460272 0.8997694 0.4112071 0 -0.4300914 -0.3165838 0.8454559 1.566521 0.8908972 -0.3003162 0.3407529 -4.76837e-7 0 0 0 1</matrix>
            <node id="Schienbein_r" name="Schienbein.r" sid="Schienbein_r" type="JOINT">
              <matrix sid="transform">0.146894 -0.4111105 -0.8996723 0 0.8995168 0.433854 -0.05138339 2.246784 0.4114506 -0.8017223 0.4335315 0 0 0 0 1</matrix>
              <node id="Bein_r" name="Bein.r" sid="Bein_r" type="JOINT">
                <matrix sid="transform">0.9999835 0.004055955 0.004055781 0 -0.004056117 0.9999917 -1.91504e-5 3.545699 -0.004055831 2.70076e-6 0.9999918 -7.45058e-9 0 0 0 1</matrix>
                <node id="Fuß_r" name="Fuß.r" sid="Fuß_r" type="JOINT">
                  <matrix sid="transform">0.997564 0.00338034 -0.06967543 2.38419e-7 -0.06975617 0.0541915 -0.9960912 5.234756 4.08684e-4 0.9985248 0.05429521 -7.45058e-9 0 0 0 1</matrix>
                  <extra>
                    <technique profile="blender">
                      <connect>1</connect>
                      <layer>0</layer>
                      <roll>-0.07441329</roll>
                      <tip_x>0.01624965</tip_x>
                      <tip_y>1.944061</tip_y>
                      <tip_z>-0.1054344</tip_z>
                    </technique>
                  </extra>
                </node>
                <extra>
                  <technique profile="blender">
                    <connect>1</connect>
                    <layer>0</layer>
                  </technique>
                </extra>
              </node>
              <extra>
                <technique profile="blender">
                  <connect>1</connect>
                  <layer>0</layer>
                </technique>
              </extra>
            </node>
            <extra>
              <technique profile="blender">
                <connect>1</connect>
                <layer>0</layer>
              </technique>
            </extra>
          </node>
          <extra>
            <technique profile="blender">
              <layer>0</layer>
            </technique>
          </extra>
        </node>
        <node id="Schenkel_l" name="Schenkel.l" sid="Schenkel_l" type="JOINT">
          <matrix sid="transform">0.1432985 -0.9011142 -0.4092172 0 0.9011142 -0.05217073 0.4304319 0 -0.4092174 -0.4304317 0.8045307 6.132698 0 0 0 1</matrix>
          <node id="Schienbein_l" name="Schienbein.l" sid="Schienbein_l" type="JOINT">
            <matrix sid="transform">0.1463783 0.4088795 0.9007725 0 -0.90022 0.432549 -0.05005452 2.23849 -0.4100945 -0.8035665 0.4313973 0 0 0 0 1</matrix>
            <node id="Bein_l" name="Bein.l" sid="Bein_l" type="JOINT">
              <matrix sid="transform">0.9998611 0.01178452 0.01178388 -2.38419e-7 -0.01178437 0.9999306 -1.1119e-4 3.580324 -0.01178438 -2.76892e-5 0.9999306 0 0 0 0 1</matrix>
              <node id="Fuß_l" name="Fuß.l" sid="Fuß_l" type="JOINT">
                <matrix sid="transform">0.9998605 -0.013858 0.009323589 0 0.0100955 0.05671454 -0.9983393 5.234931 0.01330621 0.9982941 0.05684652 0 0 0 0 1</matrix>
                <extra>
                  <technique profile="blender">
                    <connect>1</connect>
                    <layer>0</layer>
                    <roll>5.51939e-4</roll>
                    <tip_x>-0.007603168</tip_x>
                    <tip_y>1.944061</tip_y>
                    <tip_z>-0.1105117</tip_z>
                  </technique>
                </extra>
              </node>
              <extra>
                <technique profile="blender">
                  <connect>1</connect>
                  <layer>0</layer>
                </technique>
              </extra>
            </node>
            <extra>
              <technique profile="blender">
                <connect>1</connect>
                <layer>0</layer>
              </technique>
            </extra>
          </node>
          <extra>
            <technique profile="blender">
              <layer>0</layer>
              <roll>2.38419e-7</roll>
            </technique>
          </extra>
        </node>
      </node>
    </visual_scene>
  </library_visual_scenes>
  <scene>
    <instance_visual_scene url="#Scene"/>
  </scene>
</COLLADA>